0.0519571991633
0.454041034563
0.180766750282
0.309550517974
0.622999987896
0.0615253926247
0.612443439434
0.456088343114
0.398013142134
0.248805160069
0.13601779106
0.152420438304
0.454632578265
0.622795060612
0.163975517822
0.310534490648
0.573812217286
0.264410558344
0.482600717396
0.19296551851
0.259565371973
0.191694885671
0.449205657826
0.179452088511
0.580711288738
0.464514797198
0.518879389085
0.475130716274
0.30564779999
0.451979341485
0.1792362233
0.852166494084
0.360252657436
0.763790376659
0.429341008087
0.448717551189
0.437751350864
0.588287011967
0.370249064822
0.581021011058
0.418528922358
0.168641422062
0.282322608233
0.421383175095
0.335614180971
0.344747705988
0.380020844922
0.48675071522
0.39884290915
0.55075764125
0.418207693306
0.546290374708
0.375261498677
0.539281772656
0.218607169867
0.251821345794
0.565927551832
0.45240412719
0.378241463884
0.72426967396
0.308167730748
0.468829428849
0.319444465651
0.359454508513
0.374606769134
0.686914761974
0.492286139478
0.275328629459
0.437804215415
0.110229806438
0.425474535656
0.361791979733
0.492460119131
0.576704216512
0.500583151873
0.309046057859
0.393238244302
0.220701295353
0.265232669273
0.190931951332
0.760868919253
0.517290806238
0.399974737843
0.73481073247
0.470015689122
0.659820669709
0.408266601387
0.626995587504
0.808938750064
0.551192306701
0.092175603533
0.600253340235
0.408553479851
0.293529908272
0.519110372774
0.390149460796
0.874628112434
0.44017369972
0.432134255421
0.304362089367
0.332736066676
0.570179738507
0.593999736823
0.407885106091
0.43989081144
0.335698411792
0.546470401607
0.517472540143
0.524110946629
0.317538171748
0.18005204271
0.453033754842
0.533027861963
0.38538880834
0.6939612134
0.476588074357
0.110940965125
0.544506498056
0.366426670231
0.295470006201
0.34575615138
0.0293601698522
0.139687456592
0.362452938869
0.303230865196
0.156976260217
0.445761700775
0.393806804592
0.545423535267
0.347276761753
0.576712729286
0.393156183357
0.514786890063
0.374524041814
0.10826895882
0.328574210262
0.4213681362
0.521730556785
0.694334498272
0.319775339344
0.68229272498
0.46907448367
0.366336990892
0.545219113197
0.717667166692
0.313031921927
0.371195064351
0.452870510631
0.327657328604
0.476124910585
0.501121468318
0.476420153157
0.810832387773
0.0752512486142
0.318861289434
0.527696846302
0.662663105787
0.548658946222
0.613747967027
0.441172155001
0.529454748936
0.210668865769
0.219161011507
0.359672928075
0.234962766238
0.230036375904
0.385883144423
0.395544482286
0.518459802476
0.102582074178
0.299461980156
0.585306191738
0.790482298005
0.725296189871
0.434834406839
0.793320792343
0.257310057886
0.158322130437
0.39532868282
0.619000516281
0.808710393501
0.173320304361
0.436717384319
0.14671474718
0.149860774043
0.502370276626
0.466580501794
0.29964129982
0.936357306602
0.0991980833161
0.465122848699
0.736433825178
0.313820493065
0.735006435043
0.187512791433
0.584340460216
0.580351590623
0.894494437014
0.24399200411
0.426853136804
0.478106502115
0.417273568076
0.723902701006
0.511477613682
0.479661328055
0.232071356377
0.427911770482
0.398595193656
0.172261878264
0.469745743882
0.571296756368
0.435823145975
0.434350538136
0.556906194727
0.393398956441
0.162843790256
0.461430238838
0.414819639194
0.564092227728
0.218393156826
0.163629361877
0.48378419349
0.537491558839
0.894947284564
0.33776882397
0.705609908253
0.535959808434
0.570292678687
0.502612307893
0.383375307216
0.42875965218
0.282652356303
0.827976480828
0.533670293397
0.561947414435
0.540678750751
0.619378916565
0.405869418192
0.766312947764
0.74799914331
0.206950582131
0.512867584026
0.707873831262
0.303815833858
0.152754909859
0.543313890339
0.441053714519
0.649131894428
0.277726433822
0.710022430416
0.260118455894
0.0854550682174
0.593394808741
0.604797727678
0.555385402702
0.195910299268
0.788705123595
0.311024613923
0.366493820083
0.632917738121
0.151563831598
0.273418825047
0.648487612308
0.660468357974
0.595102951914
0.478419706476
0.659521439713
0.520423590322
0.591586317979
0.0769774554507
0.4036382252
0.738850716074
0.115861408975
0.210313885974
0.271947331109
0.402751877891
0.550186051491
0.103374146871
0.445383715814
0.393782456673
0.189452733649
0.595381480565
0.563466771535
0.441496909791
0.426360695894
0.338489555775
0.560160790215
0.341247270011
0.287424346393
0.428249093381
0.173731479185
0.179083534687
0.641479626406
0.303101693881
0.621624102419
0.368841529261
0.246949552878
0.570662577708
0.31138419237
0.454429033641
0.319240564405
0.186569332667
0.490371733493
0.62634711756
0.0971790743149
0.228794439737
0.597278899023
0.425276836246
0.343142077044
0.250677594377
0.469415409921
0.486325836724
0.265069511378
0.318473778629
0.224227937246
0.138895784826
0.310286662016
0.508807787857
0.797992450762
0.13549769362
0.296066545018
0.351253839205
0.260037879401
0.137199129838
0.803368261771
0.108789126393
0.303016268902
0.274825270369
0.194821818572
0.553678863863
0.604293188992
0.0185406397717
0.246138179864
0.342505997694
0.315965518465
0.0403709789667
0.778582119657
0.37220928955
0.279333127957
0.0638109149974
0.570286339469
0.662679541334
0.309426471026
0.703595532141
0.496104010562
0.456343481447
0.784168721011
0.758781396315
0.624590369609
0.415071233152
0.499147123205
0.472228598903
0.221341187351
0.51797637765
0.537229500441
0.663035991118
0.311251226113
0.683175903479
0.205288982699
0.416632258938
0.63489334303
0.876477376829
0.281055964511
0.449390089811
0.405966368193
0.342574037336
0.549945959456
0.111307395429
0.21488927574
0.407096829961
0.335650968293
0.628439744439
0.638138858452
0.762707038082
0.499089366264
0.639382738408
0.165151455958
0.130887097784
0.341727341669
0.794386098372
0.135900523985
0.306548279173
0.191175309042
0.237550172277
0.157335987472
0.612692899909
0.594367352942
0.870272955817
0.160012078465
0.378783637479
0.377544115317
