-1 -1 0.666666666667
-1 0 -0.166666666667
-1 3 -0.333333333333
-1 2 -0.166666666667
0 -1 -0.166666666667
0 0 0.666666666667
0 3 -0.166666666667
0 2 -0.333333333333
3 -1 -0.333333333333
3 0 -0.166666666667
3 3 0.666666666667
3 2 -0.166666666667
2 -1 -0.166666666667
2 0 -0.333333333333
2 3 -0.166666666667
2 2 0.666666666667
0 0 0.666666666667
0 1 -0.166666666667
0 4 -0.333333333333
0 3 -0.166666666667
1 0 -0.166666666667
1 1 0.666666666667
1 4 -0.166666666667
1 3 -0.333333333333
4 0 -0.333333333333
4 1 -0.166666666667
4 4 0.666666666667
4 3 -0.166666666667
3 0 -0.166666666667
3 1 -0.333333333333
3 4 -0.166666666667
3 3 0.666666666667