0.00666666666667 -0.00166666666667 -0.00333333333333 -0.00166666666667 0.0 0.0 0.0 0.0 0.0 0.0 0.0 0.0 0.0 0.0 0.0 0.0 0.0 0.0 0.0 0.0 0.0 0.0 0.0 0.0 0.0 0.0 0.0 0.0 0.0 0.0 0.0 0.0 0.0 0.0 0.0 0.0 
-0.00166666666667 0.0133333333333 -0.00333333333333 -0.00333333333333 -0.00166666666667 -0.00333333333333 0.0 0.0 0.0 0.0 0.0 0.0 0.0 0.0 0.0 0.0 0.0 0.0 0.0 0.0 0.0 0.0 0.0 0.0 0.0 0.0 0.0 0.0 0.0 0.0 0.0 0.0 0.0 0.0 0.0 0.0 
-0.00333333333333 -0.00333333333333 0.0266666666667 -0.00333333333333 -0.00333333333333 -0.00333333333333 0.0 0.0 0.0 0.0 0.0 0.0 -0.00333333333333 -0.00333333333333 -0.00333333333333 0.0 0.0 0.0 0.0 0.0 0.0 0.0 0.0 0.0 0.0 0.0 0.0 0.0 0.0 0.0 0.0 0.0 0.0 0.0 0.0 0.0 
-0.00166666666667 -0.00333333333333 -0.00333333333333 0.0133333333333 0.0 0.0 0.0 0.0 0.0 0.0 0.0 0.0 -0.00333333333333 -0.00166666666667 0.0 0.0 0.0 0.0 0.0 0.0 0.0 0.0 0.0 0.0 0.0 0.0 0.0 0.0 0.0 0.0 0.0 0.0 0.0 0.0 0.0 0.0 
0.0 -0.00166666666667 -0.00333333333333 0.0 0.0133333333333 -0.00333333333333 -0.00166666666667 -0.00333333333333 0.0 0.0 0.0 0.0 0.0 0.0 0.0 0.0 0.0 0.0 0.0 0.0 0.0 0.0 0.0 0.0 0.0 0.0 0.0 0.0 0.0 0.0 0.0 0.0 0.0 0.0 0.0 0.0 
0.0 -0.00333333333333 -0.00333333333333 0.0 -0.00333333333333 0.0266666666667 -0.00333333333333 -0.00333333333333 0.0 0.0 0.0 0.0 -0.00333333333333 0.0 -0.00333333333333 -0.00333333333333 0.0 0.0 0.0 0.0 0.0 0.0 0.0 0.0 0.0 0.0 0.0 0.0 0.0 0.0 0.0 0.0 0.0 0.0 0.0 0.0 
0.0 0.0 0.0 0.0 -0.00166666666667 -0.00333333333333 0.0133333333333 -0.00333333333333 -0.00166666666667 -0.00333333333333 0.0 0.0 0.0 0.0 0.0 0.0 0.0 0.0 0.0 0.0 0.0 0.0 0.0 0.0 0.0 0.0 0.0 0.0 0.0 0.0 0.0 0.0 0.0 0.0 0.0 0.0 
0.0 0.0 0.0 0.0 -0.00333333333333 -0.00333333333333 -0.00333333333333 0.0266666666667 -0.00333333333333 -0.00333333333333 0.0 0.0 0.0 0.0 -0.00333333333333 -0.00333333333333 -0.00333333333333 0.0 0.0 0.0 0.0 0.0 0.0 0.0 0.0 0.0 0.0 0.0 0.0 0.0 0.0 0.0 0.0 0.0 0.0 0.0 
0.0 0.0 0.0 0.0 0.0 0.0 -0.00166666666667 -0.00333333333333 0.0133333333333 -0.00333333333333 -0.00166666666667 -0.00333333333333 0.0 0.0 0.0 0.0 0.0 0.0 0.0 0.0 0.0 0.0 0.0 0.0 0.0 0.0 0.0 0.0 0.0 0.0 0.0 0.0 0.0 0.0 0.0 0.0 
0.0 0.0 0.0 0.0 0.0 0.0 -0.00333333333333 -0.00333333333333 -0.00333333333333 0.0266666666667 -0.00333333333333 -0.00333333333333 0.0 0.0 0.0 -0.00333333333333 -0.00333333333333 -0.00333333333333 0.0 0.0 0.0 0.0 0.0 0.0 0.0 0.0 0.0 0.0 0.0 0.0 0.0 0.0 0.0 0.0 0.0 0.0 
0.0 0.0 0.0 0.0 0.0 0.0 0.0 0.0 -0.00166666666667 -0.00333333333333 0.00666666666667 -0.00166666666667 0.0 0.0 0.0 0.0 0.0 0.0 0.0 0.0 0.0 0.0 0.0 0.0 0.0 0.0 0.0 0.0 0.0 0.0 0.0 0.0 0.0 0.0 0.0 0.0 
0.0 0.0 0.0 0.0 0.0 0.0 0.0 0.0 -0.00333333333333 -0.00333333333333 -0.00166666666667 0.0133333333333 0.0 0.0 0.0 0.0 -0.00333333333333 -0.00166666666667 0.0 0.0 0.0 0.0 0.0 0.0 0.0 0.0 0.0 0.0 0.0 0.0 0.0 0.0 0.0 0.0 0.0 0.0 
0.0 0.0 -0.00333333333333 -0.00333333333333 0.0 -0.00333333333333 0.0 0.0 0.0 0.0 0.0 0.0 0.0266666666667 -0.00333333333333 -0.00333333333333 0.0 0.0 0.0 -0.00333333333333 -0.00333333333333 -0.00333333333333 0.0 0.0 0.0 0.0 0.0 0.0 0.0 0.0 0.0 0.0 0.0 0.0 0.0 0.0 0.0 
0.0 0.0 -0.00333333333333 -0.00166666666667 0.0 0.0 0.0 0.0 0.0 0.0 0.0 0.0 -0.00333333333333 0.0133333333333 0.0 0.0 0.0 0.0 -0.00333333333333 -0.00166666666667 0.0 0.0 0.0 0.0 0.0 0.0 0.0 0.0 0.0 0.0 0.0 0.0 0.0 0.0 0.0 0.0 
0.0 0.0 -0.00333333333333 0.0 0.0 -0.00333333333333 0.0 -0.00333333333333 0.0 0.0 0.0 0.0 -0.00333333333333 0.0 0.0266666666667 -0.00333333333333 0.0 0.0 -0.00333333333333 0.0 -0.00333333333333 -0.00333333333333 0.0 0.0 0.0 0.0 0.0 0.0 0.0 0.0 0.0 0.0 0.0 0.0 0.0 0.0 
0.0 0.0 0.0 0.0 0.0 -0.00333333333333 0.0 -0.00333333333333 0.0 -0.00333333333333 0.0 0.0 0.0 0.0 -0.00333333333333 0.0266666666667 -0.00333333333333 0.0 0.0 0.0 -0.00333333333333 -0.00333333333333 -0.00333333333333 0.0 0.0 0.0 0.0 0.0 0.0 0.0 0.0 0.0 0.0 0.0 0.0 0.0 
0.0 0.0 0.0 0.0 0.0 0.0 0.0 -0.00333333333333 0.0 -0.00333333333333 0.0 -0.00333333333333 0.0 0.0 0.0 -0.00333333333333 0.0266666666667 -0.00333333333333 0.0 0.0 0.0 -0.00333333333333 -0.00333333333333 -0.00333333333333 0.0 0.0 0.0 0.0 0.0 0.0 0.0 0.0 0.0 0.0 0.0 0.0 
0.0 0.0 0.0 0.0 0.0 0.0 0.0 0.0 0.0 -0.00333333333333 0.0 -0.00166666666667 0.0 0.0 0.0 0.0 -0.00333333333333 0.0133333333333 0.0 0.0 0.0 0.0 -0.00333333333333 -0.00166666666667 0.0 0.0 0.0 0.0 0.0 0.0 0.0 0.0 0.0 0.0 0.0 0.0 
0.0 0.0 0.0 0.0 0.0 0.0 0.0 0.0 0.0 0.0 0.0 0.0 -0.00333333333333 -0.00333333333333 -0.00333333333333 0.0 0.0 0.0 0.0266666666667 -0.00333333333333 -0.00333333333333 0.0 0.0 0.0 -0.00333333333333 -0.00333333333333 -0.00333333333333 0.0 0.0 0.0 0.0 0.0 0.0 0.0 0.0 0.0 
0.0 0.0 0.0 0.0 0.0 0.0 0.0 0.0 0.0 0.0 0.0 0.0 -0.00333333333333 -0.00166666666667 0.0 0.0 0.0 0.0 -0.00333333333333 0.0133333333333 0.0 0.0 0.0 0.0 -0.00333333333333 -0.00166666666667 0.0 0.0 0.0 0.0 0.0 0.0 0.0 0.0 0.0 0.0 
0.0 0.0 0.0 0.0 0.0 0.0 0.0 0.0 0.0 0.0 0.0 0.0 -0.00333333333333 0.0 -0.00333333333333 -0.00333333333333 0.0 0.0 -0.00333333333333 0.0 0.0266666666667 -0.00333333333333 0.0 0.0 -0.00333333333333 0.0 -0.00333333333333 -0.00333333333333 0.0 0.0 0.0 0.0 0.0 0.0 0.0 0.0 
0.0 0.0 0.0 0.0 0.0 0.0 0.0 0.0 0.0 0.0 0.0 0.0 0.0 0.0 -0.00333333333333 -0.00333333333333 -0.00333333333333 0.0 0.0 0.0 -0.00333333333333 0.0266666666667 -0.00333333333333 0.0 0.0 0.0 -0.00333333333333 -0.00333333333333 -0.00333333333333 0.0 0.0 0.0 0.0 0.0 0.0 0.0 
0.0 0.0 0.0 0.0 0.0 0.0 0.0 0.0 0.0 0.0 0.0 0.0 0.0 0.0 0.0 -0.00333333333333 -0.00333333333333 -0.00333333333333 0.0 0.0 0.0 -0.00333333333333 0.0266666666667 -0.00333333333333 0.0 0.0 0.0 -0.00333333333333 -0.00333333333333 -0.00333333333333 0.0 0.0 0.0 0.0 0.0 0.0 
0.0 0.0 0.0 0.0 0.0 0.0 0.0 0.0 0.0 0.0 0.0 0.0 0.0 0.0 0.0 0.0 -0.00333333333333 -0.00166666666667 0.0 0.0 0.0 0.0 -0.00333333333333 0.0133333333333 0.0 0.0 0.0 0.0 -0.00333333333333 -0.00166666666667 0.0 0.0 0.0 0.0 0.0 0.0 
0.0 0.0 0.0 0.0 0.0 0.0 0.0 0.0 0.0 0.0 0.0 0.0 0.0 0.0 0.0 0.0 0.0 0.0 -0.00333333333333 -0.00333333333333 -0.00333333333333 0.0 0.0 0.0 0.0266666666667 -0.00333333333333 -0.00333333333333 0.0 0.0 0.0 -0.00333333333333 -0.00333333333333 -0.00333333333333 0.0 0.0 0.0 
0.0 0.0 0.0 0.0 0.0 0.0 0.0 0.0 0.0 0.0 0.0 0.0 0.0 0.0 0.0 0.0 0.0 0.0 -0.00333333333333 -0.00166666666667 0.0 0.0 0.0 0.0 -0.00333333333333 0.0133333333333 0.0 0.0 0.0 0.0 -0.00333333333333 -0.00166666666667 0.0 0.0 0.0 0.0 
0.0 0.0 0.0 0.0 0.0 0.0 0.0 0.0 0.0 0.0 0.0 0.0 0.0 0.0 0.0 0.0 0.0 0.0 -0.00333333333333 0.0 -0.00333333333333 -0.00333333333333 0.0 0.0 -0.00333333333333 0.0 0.0266666666667 -0.00333333333333 0.0 0.0 -0.00333333333333 0.0 -0.00333333333333 -0.00333333333333 0.0 0.0 
0.0 0.0 0.0 0.0 0.0 0.0 0.0 0.0 0.0 0.0 0.0 0.0 0.0 0.0 0.0 0.0 0.0 0.0 0.0 0.0 -0.00333333333333 -0.00333333333333 -0.00333333333333 0.0 0.0 0.0 -0.00333333333333 0.0266666666667 -0.00333333333333 0.0 0.0 0.0 -0.00333333333333 -0.00333333333333 -0.00333333333333 0.0 
0.0 0.0 0.0 0.0 0.0 0.0 0.0 0.0 0.0 0.0 0.0 0.0 0.0 0.0 0.0 0.0 0.0 0.0 0.0 0.0 0.0 -0.00333333333333 -0.00333333333333 -0.00333333333333 0.0 0.0 0.0 -0.00333333333333 0.0266666666667 -0.00333333333333 0.0 0.0 0.0 -0.00333333333333 -0.00333333333333 -0.00333333333333 
0.0 0.0 0.0 0.0 0.0 0.0 0.0 0.0 0.0 0.0 0.0 0.0 0.0 0.0 0.0 0.0 0.0 0.0 0.0 0.0 0.0 0.0 -0.00333333333333 -0.00166666666667 0.0 0.0 0.0 0.0 -0.00333333333333 0.0133333333333 0.0 0.0 0.0 0.0 -0.00333333333333 -0.00166666666667 
0.0 0.0 0.0 0.0 0.0 0.0 0.0 0.0 0.0 0.0 0.0 0.0 0.0 0.0 0.0 0.0 0.0 0.0 0.0 0.0 0.0 0.0 0.0 0.0 -0.00333333333333 -0.00333333333333 -0.00333333333333 0.0 0.0 0.0 0.0133333333333 -0.00166666666667 -0.00166666666667 0.0 0.0 0.0 
0.0 0.0 0.0 0.0 0.0 0.0 0.0 0.0 0.0 0.0 0.0 0.0 0.0 0.0 0.0 0.0 0.0 0.0 0.0 0.0 0.0 0.0 0.0 0.0 -0.00333333333333 -0.00166666666667 0.0 0.0 0.0 0.0 -0.00166666666667 0.00666666666667 0.0 0.0 0.0 0.0 
0.0 0.0 0.0 0.0 0.0 0.0 0.0 0.0 0.0 0.0 0.0 0.0 0.0 0.0 0.0 0.0 0.0 0.0 0.0 0.0 0.0 0.0 0.0 0.0 -0.00333333333333 0.0 -0.00333333333333 -0.00333333333333 0.0 0.0 -0.00166666666667 0.0 0.0133333333333 -0.00166666666667 0.0 0.0 
0.0 0.0 0.0 0.0 0.0 0.0 0.0 0.0 0.0 0.0 0.0 0.0 0.0 0.0 0.0 0.0 0.0 0.0 0.0 0.0 0.0 0.0 0.0 0.0 0.0 0.0 -0.00333333333333 -0.00333333333333 -0.00333333333333 0.0 0.0 0.0 -0.00166666666667 0.0133333333333 -0.00166666666667 0.0 
0.0 0.0 0.0 0.0 0.0 0.0 0.0 0.0 0.0 0.0 0.0 0.0 0.0 0.0 0.0 0.0 0.0 0.0 0.0 0.0 0.0 0.0 0.0 0.0 0.0 0.0 0.0 -0.00333333333333 -0.00333333333333 -0.00333333333333 0.0 0.0 0.0 -0.00166666666667 0.0133333333333 -0.00166666666667 
0.0 0.0 0.0 0.0 0.0 0.0 0.0 0.0 0.0 0.0 0.0 0.0 0.0 0.0 0.0 0.0 0.0 0.0 0.0 0.0 0.0 0.0 0.0 0.0 0.0 0.0 0.0 0.0 -0.00333333333333 -0.00166666666667 0.0 0.0 0.0 0.0 -0.00166666666667 0.00666666666667 