0.0104166666667 -0.00260416666667 0.0 0.0 0.0 -0.00260416666667 -0.00520833333333 0.0 0.0 0.0 0.0 0.0 0.0 0.0 0.0 0.0 0.0 0.0 0.0 0.0 0.0 0.0 0.0 0.0 0.0 
-0.00260416666667 0.0208333333333 -0.00260416666667 0.0 0.0 -0.00520833333333 -0.00520833333333 -0.00520833333333 0.0 0.0 0.0 0.0 0.0 0.0 0.0 0.0 0.0 0.0 0.0 0.0 0.0 0.0 0.0 0.0 0.0 
0.0 -0.00260416666667 0.0208333333333 -0.00260416666667 0.0 0.0 -0.00520833333333 -0.00520833333333 -0.00520833333333 0.0 0.0 0.0 0.0 0.0 0.0 0.0 0.0 0.0 0.0 0.0 0.0 0.0 0.0 0.0 0.0 
0.0 0.0 -0.00260416666667 0.0208333333333 -0.00260416666667 0.0 0.0 -0.00520833333333 -0.00520833333333 -0.00520833333333 0.0 0.0 0.0 0.0 0.0 0.0 0.0 0.0 0.0 0.0 0.0 0.0 0.0 0.0 0.0 
0.0 0.0 0.0 -0.00260416666667 0.0104166666667 0.0 0.0 0.0 -0.00520833333333 -0.00260416666667 0.0 0.0 0.0 0.0 0.0 0.0 0.0 0.0 0.0 0.0 0.0 0.0 0.0 0.0 0.0 
-0.00260416666667 -0.00520833333333 0.0 0.0 0.0 0.0208333333333 -0.00520833333333 0.0 0.0 0.0 -0.00260416666667 -0.00520833333333 0.0 0.0 0.0 0.0 0.0 0.0 0.0 0.0 0.0 0.0 0.0 0.0 0.0 
-0.00520833333333 -0.00520833333333 -0.00520833333333 0.0 0.0 -0.00520833333333 0.0416666666667 -0.00520833333333 0.0 0.0 -0.00520833333333 -0.00520833333333 -0.00520833333333 0.0 0.0 0.0 0.0 0.0 0.0 0.0 0.0 0.0 0.0 0.0 0.0 
0.0 -0.00520833333333 -0.00520833333333 -0.00520833333333 0.0 0.0 -0.00520833333333 0.0416666666667 -0.00520833333333 0.0 0.0 -0.00520833333333 -0.00520833333333 -0.00520833333333 0.0 0.0 0.0 0.0 0.0 0.0 0.0 0.0 0.0 0.0 0.0 
0.0 0.0 -0.00520833333333 -0.00520833333333 -0.00520833333333 0.0 0.0 -0.00520833333333 0.0416666666667 -0.00520833333333 0.0 0.0 -0.00520833333333 -0.00520833333333 -0.00520833333333 0.0 0.0 0.0 0.0 0.0 0.0 0.0 0.0 0.0 0.0 
0.0 0.0 0.0 -0.00520833333333 -0.00260416666667 0.0 0.0 0.0 -0.00520833333333 0.0208333333333 0.0 0.0 0.0 -0.00520833333333 -0.00260416666667 0.0 0.0 0.0 0.0 0.0 0.0 0.0 0.0 0.0 0.0 
0.0 0.0 0.0 0.0 0.0 -0.00260416666667 -0.00520833333333 0.0 0.0 0.0 0.0208333333333 -0.00520833333333 0.0 0.0 0.0 -0.00260416666667 -0.00520833333333 0.0 0.0 0.0 0.0 0.0 0.0 0.0 0.0 
0.0 0.0 0.0 0.0 0.0 -0.00520833333333 -0.00520833333333 -0.00520833333333 0.0 0.0 -0.00520833333333 0.0416666666667 -0.00520833333333 0.0 0.0 -0.00520833333333 -0.00520833333333 -0.00520833333333 0.0 0.0 0.0 0.0 0.0 0.0 0.0 
0.0 0.0 0.0 0.0 0.0 0.0 -0.00520833333333 -0.00520833333333 -0.00520833333333 0.0 0.0 -0.00520833333333 0.0416666666667 -0.00520833333333 0.0 0.0 -0.00520833333333 -0.00520833333333 -0.00520833333333 0.0 0.0 0.0 0.0 0.0 0.0 
0.0 0.0 0.0 0.0 0.0 0.0 0.0 -0.00520833333333 -0.00520833333333 -0.00520833333333 0.0 0.0 -0.00520833333333 0.0416666666667 -0.00520833333333 0.0 0.0 -0.00520833333333 -0.00520833333333 -0.00520833333333 0.0 0.0 0.0 0.0 0.0 
0.0 0.0 0.0 0.0 0.0 0.0 0.0 0.0 -0.00520833333333 -0.00260416666667 0.0 0.0 0.0 -0.00520833333333 0.0208333333333 0.0 0.0 0.0 -0.00520833333333 -0.00260416666667 0.0 0.0 0.0 0.0 0.0 
0.0 0.0 0.0 0.0 0.0 0.0 0.0 0.0 0.0 0.0 -0.00260416666667 -0.00520833333333 0.0 0.0 0.0 0.0208333333333 -0.00520833333333 0.0 0.0 0.0 -0.00260416666667 -0.00520833333333 0.0 0.0 0.0 
0.0 0.0 0.0 0.0 0.0 0.0 0.0 0.0 0.0 0.0 -0.00520833333333 -0.00520833333333 -0.00520833333333 0.0 0.0 -0.00520833333333 0.0416666666667 -0.00520833333333 0.0 0.0 -0.00520833333333 -0.00520833333333 -0.00520833333333 0.0 0.0 
0.0 0.0 0.0 0.0 0.0 0.0 0.0 0.0 0.0 0.0 0.0 -0.00520833333333 -0.00520833333333 -0.00520833333333 0.0 0.0 -0.00520833333333 0.0416666666667 -0.00520833333333 0.0 0.0 -0.00520833333333 -0.00520833333333 -0.00520833333333 0.0 
0.0 0.0 0.0 0.0 0.0 0.0 0.0 0.0 0.0 0.0 0.0 0.0 -0.00520833333333 -0.00520833333333 -0.00520833333333 0.0 0.0 -0.00520833333333 0.0416666666667 -0.00520833333333 0.0 0.0 -0.00520833333333 -0.00520833333333 -0.00520833333333 
0.0 0.0 0.0 0.0 0.0 0.0 0.0 0.0 0.0 0.0 0.0 0.0 0.0 -0.00520833333333 -0.00260416666667 0.0 0.0 0.0 -0.00520833333333 0.0208333333333 0.0 0.0 0.0 -0.00520833333333 -0.00260416666667 
0.0 0.0 0.0 0.0 0.0 0.0 0.0 0.0 0.0 0.0 0.0 0.0 0.0 0.0 0.0 -0.00260416666667 -0.00520833333333 0.0 0.0 0.0 0.0104166666667 -0.00260416666667 0.0 0.0 0.0 
0.0 0.0 0.0 0.0 0.0 0.0 0.0 0.0 0.0 0.0 0.0 0.0 0.0 0.0 0.0 -0.00520833333333 -0.00520833333333 -0.00520833333333 0.0 0.0 -0.00260416666667 0.0208333333333 -0.00260416666667 0.0 0.0 
0.0 0.0 0.0 0.0 0.0 0.0 0.0 0.0 0.0 0.0 0.0 0.0 0.0 0.0 0.0 0.0 -0.00520833333333 -0.00520833333333 -0.00520833333333 0.0 0.0 -0.00260416666667 0.0208333333333 -0.00260416666667 0.0 
0.0 0.0 0.0 0.0 0.0 0.0 0.0 0.0 0.0 0.0 0.0 0.0 0.0 0.0 0.0 0.0 0.0 -0.00520833333333 -0.00520833333333 -0.00520833333333 0.0 0.0 -0.00260416666667 0.0208333333333 -0.00260416666667 
0.0 0.0 0.0 0.0 0.0 0.0 0.0 0.0 0.0 0.0 0.0 0.0 0.0 0.0 0.0 0.0 0.0 0.0 -0.00520833333333 -0.00260416666667 0.0 0.0 0.0 -0.00260416666667 0.0104166666667 